# This file may be used to create an environment using:
# $ conda create --name <env> --file <this file>
# platform: win-64
# conda version: 23.3.1
bzip2=1.0.8=h2bbff1b_5
ca-certificates=2024.3.11=haa95532_0
coloredlogs=15.0.1=pypi_0
flatbuffers=24.3.25=pypi_0
humanfriendly=10.0=pypi_0
libffi=3.4.4=hd77b12b_0
markdown-it-py=3.0.0=pypi_0
mdurl=0.1.2=pypi_0
mpmath=1.3.0=pypi_0
nncase=1.9.0.20230322=pypi_0
numpy=1.26.4=pypi_0
onnx=1.16.0=pypi_0
onnxruntime=1.17.3=pypi_0
onnxsim=0.4.36=pypi_0
opencv-python=4.9.0.80=pypi_0
openssl=1.1.1w=h2bbff1b_0
packaging=24.0=pypi_0
pip=23.3.1=py310haa95532_0
protobuf=5.26.1=pypi_0
pygments=2.17.2=pypi_0
pyreadline3=3.4.1=pypi_0
python=3.10.0=h96c0403_3
rich=13.7.1=pypi_0
setuptools=68.2.2=py310haa95532_0
sqlite=3.41.2=h2bbff1b_0
sympy=1.12=pypi_0
tk=8.6.12=h2bbff1b_0
tzdata=2024a=h04d1e81_0
vc=14.2=h21ff451_1
vs2015_runtime=14.27.29016=h5e58377_2
wheel=0.41.2=py310haa95532_0
xz=5.4.6=h8cc25b3_0
zlib=1.2.13=h8cc25b3_0
